DCGAN: 33.370689392089844
WGANGP: 56.167457580566406
WGANGP_HQ: 34.254241943359375